200,2,0.6,0.02,1541,1541.0
200,2,0.6,0.06,1392,1392.0
200,2,0.6,0.1,1356,1356.0
200,2,0.6,0.14,1391,1391.0
200,2,0.7,0.02,1372,1372.0
200,2,0.7,0.06,1443,1443.0
200,2,0.7,0.1,1246,1246.0
200,2,0.7,0.14,1308,1308.0
200,2,0.8,0.02,1508,1508.0
200,2,0.8,0.06,1278,1278.0
200,2,0.8,0.1,1322,1322.0
200,2,0.8,0.14,1295,1295.0
200,2,0.9,0.02,1492,1492.0
200,2,0.9,0.06,1343,1343.0
200,2,0.9,0.1,1361,1361.0
200,2,0.9,0.14,1341,1341.0
200,3,0.6,0.02,1516,1516.0
200,3,0.6,0.06,1502,1502.0
200,3,0.6,0.1,1477,1477.0
200,3,0.6,0.14,1313,1313.0
200,3,0.7,0.02,1569,1569.0
200,3,0.7,0.06,1297,1297.0
200,3,0.7,0.1,1369,1369.0
200,3,0.7,0.14,1381,1381.0
200,3,0.8,0.02,1537,1537.0
200,3,0.8,0.06,1332,1332.0
200,3,0.8,0.1,1349,1349.0
200,3,0.8,0.14,1210,1210.0
200,3,0.9,0.02,1526,1526.0
200,3,0.9,0.06,1487,1487.0
200,3,0.9,0.1,1373,1373.0
200,3,0.9,0.14,1418,1418.0
200,4,0.6,0.02,1532,1532.0
200,4,0.6,0.06,1301,1301.0
200,4,0.6,0.1,1332,1332.0
200,4,0.6,0.14,1454,1454.0
200,4,0.7,0.02,1412,1412.0
200,4,0.7,0.06,1391,1391.0
200,4,0.7,0.1,1196,1196.0
200,4,0.7,0.14,1316,1316.0
200,4,0.8,0.02,1451,1451.0
200,4,0.8,0.06,1285,1285.0
200,4,0.8,0.1,1230,1230.0
200,4,0.8,0.14,1299,1299.0
200,4,0.9,0.02,1495,1495.0
200,4,0.9,0.06,1280,1280.0
200,4,0.9,0.1,1302,1302.0
200,4,0.9,0.14,1428,1428.0
200,5,0.6,0.02,1386,1386.0
200,5,0.6,0.06,1419,1419.0
200,5,0.6,0.1,1371,1371.0
200,5,0.6,0.14,1407,1407.0
200,5,0.7,0.02,1320,1320.0
200,5,0.7,0.06,1361,1361.0
200,5,0.7,0.1,1265,1265.0
200,5,0.7,0.14,1229,1229.0
200,5,0.8,0.02,1477,1477.0
200,5,0.8,0.06,1497,1497.0
200,5,0.8,0.1,1385,1385.0
200,5,0.8,0.14,1325,1325.0
200,5,0.9,0.02,1539,1539.0
200,5,0.9,0.06,1424,1424.0
200,5,0.9,0.1,1343,1343.0
200,5,0.9,0.14,1407,1407.0
400,2,0.6,0.02,1481,1481.0
400,2,0.6,0.06,1318,1318.0
400,2,0.6,0.1,1349,1349.0
400,2,0.6,0.14,1261,1261.0
400,2,0.7,0.02,1406,1406.0
400,2,0.7,0.06,1349,1349.0
400,2,0.7,0.1,1319,1319.0
400,2,0.7,0.14,1295,1295.0
400,2,0.8,0.02,1290,1290.0
400,2,0.8,0.06,1280,1280.0
400,2,0.8,0.1,1459,1459.0
400,2,0.8,0.14,1352,1352.0
400,2,0.9,0.02,1494,1494.0
400,2,0.9,0.06,1453,1453.0
400,2,0.9,0.1,1356,1356.0
400,2,0.9,0.14,1390,1390.0
400,3,0.6,0.02,1380,1380.0
400,3,0.6,0.06,1335,1335.0
400,3,0.6,0.1,1378,1378.0
400,3,0.6,0.14,1420,1420.0
400,3,0.7,0.02,1380,1380.0
400,3,0.7,0.06,1396,1396.0
400,3,0.7,0.1,1292,1292.0
400,3,0.7,0.14,1313,1313.0
400,3,0.8,0.02,1321,1321.0
400,3,0.8,0.06,1562,1562.0
400,3,0.8,0.1,1265,1265.0
400,3,0.8,0.14,1309,1309.0
400,3,0.9,0.02,1519,1519.0
400,3,0.9,0.06,1368,1368.0
400,3,0.9,0.1,1363,1363.0
400,3,0.9,0.14,1246,1246.0
400,4,0.6,0.02,1374,1374.0
400,4,0.6,0.06,1301,1301.0
400,4,0.6,0.1,1313,1313.0
400,4,0.6,0.14,1354,1354.0
400,4,0.7,0.02,1348,1348.0
400,4,0.7,0.06,1424,1424.0
400,4,0.7,0.1,1324,1324.0
400,4,0.7,0.14,1322,1322.0
400,4,0.8,0.02,1385,1385.0
400,4,0.8,0.06,1303,1303.0
400,4,0.8,0.1,1259,1259.0
400,4,0.8,0.14,1242,1242.0
400,4,0.9,0.02,1363,1363.0
400,4,0.9,0.06,1374,1374.0
400,4,0.9,0.1,1305,1305.0
400,4,0.9,0.14,1352,1352.0
400,5,0.6,0.02,1429,1429.0
400,5,0.6,0.06,1316,1316.0
400,5,0.6,0.1,1260,1260.0
400,5,0.6,0.14,1209,1209.0
400,5,0.7,0.02,1332,1332.0
400,5,0.7,0.06,1288,1288.0
400,5,0.7,0.1,1362,1362.0
400,5,0.7,0.14,1549,1549.0
400,5,0.8,0.02,1294,1294.0
400,5,0.8,0.06,1333,1333.0
400,5,0.8,0.1,1286,1286.0
400,5,0.8,0.14,1293,1293.0
400,5,0.9,0.02,1286,1286.0
400,5,0.9,0.06,1341,1341.0
400,5,0.9,0.1,1366,1366.0
400,5,0.9,0.14,1239,1239.0
600,2,0.6,0.02,1448,1448.0
600,2,0.6,0.06,1325,1325.0
600,2,0.6,0.1,1273,1273.0
600,2,0.6,0.14,1367,1367.0
600,2,0.7,0.02,1396,1396.0
600,2,0.7,0.06,1233,1233.0
600,2,0.7,0.1,1301,1301.0
600,2,0.7,0.14,1130,1130.0
600,2,0.8,0.02,1424,1424.0
600,2,0.8,0.06,1298,1298.0
600,2,0.8,0.1,1215,1215.0
600,2,0.8,0.14,1361,1361.0
600,2,0.9,0.02,1405,1405.0
600,2,0.9,0.06,1280,1280.0
600,2,0.9,0.1,1303,1303.0
600,2,0.9,0.14,1833,1833.0
600,3,0.6,0.02,1281,1281.0
600,3,0.6,0.06,1225,1225.0
600,3,0.6,0.1,1182,1182.0
600,3,0.6,0.14,1272,1272.0
600,3,0.7,0.02,1472,1472.0
600,3,0.7,0.06,1353,1353.0
600,3,0.7,0.1,1304,1304.0
600,3,0.7,0.14,1298,1298.0
600,3,0.8,0.02,1431,1431.0
600,3,0.8,0.06,1224,1224.0
600,3,0.8,0.1,1257,1257.0
600,3,0.8,0.14,1300,1300.0
600,3,0.9,0.02,1388,1388.0
600,3,0.9,0.06,1249,1249.0
600,3,0.9,0.1,1258,1258.0
600,3,0.9,0.14,1223,1223.0
600,4,0.6,0.02,1354,1354.0
600,4,0.6,0.06,1335,1335.0
600,4,0.6,0.1,1324,1324.0
600,4,0.6,0.14,1251,1251.0
600,4,0.7,0.02,1457,1457.0
600,4,0.7,0.06,1405,1405.0
600,4,0.7,0.1,1221,1221.0
600,4,0.7,0.14,1283,1283.0
600,4,0.8,0.02,1379,1379.0
600,4,0.8,0.06,1282,1282.0
600,4,0.8,0.1,1297,1297.0
600,4,0.8,0.14,1215,1215.0
600,4,0.9,0.02,1287,1287.0
600,4,0.9,0.06,1291,1291.0
600,4,0.9,0.1,1323,1323.0
600,4,0.9,0.14,1325,1325.0
600,5,0.6,0.02,1361,1361.0
600,5,0.6,0.06,1299,1299.0
600,5,0.6,0.1,1264,1264.0
600,5,0.6,0.14,1408,1408.0
600,5,0.7,0.02,1394,1394.0
600,5,0.7,0.06,1392,1392.0
600,5,0.7,0.1,1303,1303.0
600,5,0.7,0.14,1175,1175.0
600,5,0.8,0.02,1351,1351.0
600,5,0.8,0.06,1222,1222.0
600,5,0.8,0.1,1193,1193.0
600,5,0.8,0.14,1253,1253.0
600,5,0.9,0.02,1318,1318.0
600,5,0.9,0.06,1342,1342.0
600,5,0.9,0.1,1262,1262.0
600,5,0.9,0.14,1310,1310.0
800,2,0.6,0.02,1340,1340.0
800,2,0.6,0.06,1242,1242.0
800,2,0.6,0.1,1358,1358.0
800,2,0.6,0.14,1295,1295.0
800,2,0.7,0.02,1304,1304.0
800,2,0.7,0.06,1337,1337.0
800,2,0.7,0.1,1337,1337.0
800,2,0.7,0.14,1205,1205.0
800,2,0.8,0.02,1238,1238.0
800,2,0.8,0.06,1304,1304.0
800,2,0.8,0.1,1188,1188.0
800,2,0.8,0.14,1724,1724.0
800,2,0.9,0.02,1316,1316.0
800,2,0.9,0.06,1341,1341.0
800,2,0.9,0.1,1328,1328.0
800,2,0.9,0.14,1715,1715.0
800,3,0.6,0.02,1213,1213.0
800,3,0.6,0.06,1249,1249.0
800,3,0.6,0.1,1135,1135.0
800,3,0.6,0.14,1254,1254.0
800,3,0.7,0.02,1268,1268.0
800,3,0.7,0.06,1189,1189.0
800,3,0.7,0.1,1350,1350.0
800,3,0.7,0.14,1308,1308.0
800,3,0.8,0.02,1364,1364.0
800,3,0.8,0.06,1242,1242.0
800,3,0.8,0.1,1247,1247.0
800,3,0.8,0.14,1297,1297.0
800,3,0.9,0.02,1306,1306.0
800,3,0.9,0.06,1353,1353.0
800,3,0.9,0.1,1278,1278.0
800,3,0.9,0.14,1303,1303.0
800,4,0.6,0.02,1468,1468.0
800,4,0.6,0.06,1345,1345.0
800,4,0.6,0.1,1235,1235.0
800,4,0.6,0.14,1285,1285.0
800,4,0.7,0.02,1257,1257.0
800,4,0.7,0.06,1270,1270.0
800,4,0.7,0.1,1226,1226.0
800,4,0.7,0.14,1281,1281.0
800,4,0.8,0.02,1195,1195.0
800,4,0.8,0.06,1225,1225.0
800,4,0.8,0.1,1170,1170.0
800,4,0.8,0.14,1236,1236.0
800,4,0.9,0.02,1303,1303.0
800,4,0.9,0.06,1242,1242.0
800,4,0.9,0.1,1325,1325.0
800,4,0.9,0.14,1327,1327.0
800,5,0.6,0.02,1346,1346.0
800,5,0.6,0.06,1185,1185.0
800,5,0.6,0.1,1264,1264.0
800,5,0.6,0.14,1451,1451.0
800,5,0.7,0.02,1136,1136.0
800,5,0.7,0.06,1351,1351.0
800,5,0.7,0.1,1353,1353.0
800,5,0.7,0.14,1288,1288.0
800,5,0.8,0.02,1240,1240.0
800,5,0.8,0.06,1199,1199.0
800,5,0.8,0.1,1186,1186.0
800,5,0.8,0.14,1250,1250.0
800,5,0.9,0.02,1362,1362.0
800,5,0.9,0.06,1203,1203.0
800,5,0.9,0.1,1352,1352.0
800,5,0.9,0.14,1260,1260.0
